1 1 1.000000 0.000000 0
1 2 0.998380 0.001260 0
1 3 0.994170 0.004940 0
1 4 0.988250 0.010370 0
1 5 0.980750 0.016460 0
1 6 0.971110 0.022500 0
1 7 0.958840 0.028530 0
1 8 0.943890 0.034760 0
1 9 0.926390 0.041160 0
1 10 0.906410 0.047680 0
1 11 0.884060 0.054270 0
1 12 0.859470 0.060890 0
1 13 0.832770 0.067490 0
1 14 0.804120 0.074020 0
1 15 0.773690 0.080440 0
1 16 0.741660 0.086710 0
1 17 0.708230 0.092770 0
1 18 0.673600 0.098590 0
1 19 0.637980 0.104120 0
1 20 0.601580 0.109350 0
1 21 0.564650 0.114250 0
1 22 0.527440 0.118810 0
1 23 0.490250 0.123030 0
1 24 0.453400 0.126830 0
1 25 0.417210 0.130110 0
1 26 0.381930 0.132710 0
1 27 0.347770 0.134470 0
1 28 0.314880 0.135260 0
1 29 0.283470 0.135050 0
1 30 0.253700 0.133460 0
1 31 0.225410 0.130370 0
1 32 0.198460 0.125940 0
1 33 0.172860 0.120260 0
1 34 0.148630 0.113550 0
1 35 0.125910 0.105980 0
1 36 0.104820 0.097700 0
1 37 0.085450 0.088790 0
1 38 0.067890 0.079400 0
1 39 0.052230 0.069650 0
1 40 0.038550 0.059680 0
1 41 0.026940 0.049660 0
1 42 0.017550 0.039610 0
1 43 0.010280 0.029540 0
1 44 0.004950 0.019690 0
1 45 0.001550 0.010330 0
1 46 0.000050 0.001780 0